   -1.6228    1.0337
   -4.4783    1.9419
    0.0921   -0.6699
   -0.8137    0.9683
    1.1304   -0.9558
   -4.2316    2.5593
   -4.2382    3.3161
   -1.2167   -1.9247
   -0.3324    2.2328
    0.0703   -0.7191
   -1.9837    2.4815
   -2.5897    3.0414
   -0.3679   -1.4534
    2.9113   -1.1817
    0.2115    3.8491
   -1.7887    0.6547
   -3.4363    2.2467
   -0.7506    0.7684
   -3.2103    3.0214
   -1.4039    1.9447
   -0.0544   -1.0144
    0.3107   -0.6167
   -0.5297    0.6752
    1.4448   -0.7367
    2.6280    1.6235
   -6.7442    3.7971
   -6.4467    3.6515
   -4.3066    1.1709
   -6.9948    1.9431
   -2.8928    2.3314
   -2.8410    1.1847
   -1.3739    1.4308
   -1.2846   -0.2877
   -3.7154    2.8456
   -4.0333   -0.0656
   -0.0165    1.8106
   -2.9549    2.4208
   -5.4280    2.7871
   -1.9742   -0.3261
   -1.4897    0.3027
   -3.0276    1.7860
   -0.3411    1.5619
   -1.4355   -0.4431
   -2.5321    2.7233
   -2.1101    4.1852
   -0.8545   -0.1159
   -3.1035    2.0655
   -4.6374    1.5354
   -2.3890   -0.7539
   -1.6771    2.5071
   -0.7264    1.1677
   -2.0753    0.4587
   -3.1434    1.6828
   -0.5092    0.0170
   -2.2838   -0.5161
    0.0176   -3.2395
   -2.2245    1.0552
   -2.0157    0.4844
   -2.2297    0.4590
   -4.3031    1.1598
   -4.3174    0.0679
   -4.4031    1.5751
    2.4621   -0.9813
   -2.5005    0.0414
    0.3510    0.3695
   -1.1271    0.2680
    2.6482   -1.3690
    0.3177   -1.7409
   -5.0674    1.6228
   -2.8181    1.8608
    0.2291   -0.9748
   -1.2795    0.8335
    3.6630    0.4913
   -2.1197    1.9578
   -5.8797    4.0552
   -0.8898    3.1320
   -4.2795    3.4353
   -1.8764    1.3901
    0.6951    1.9005
   -1.2296   -0.3971
   -1.2509   -0.1351
   -2.4930    3.5226
   -2.3661    1.6916
   -2.2577    1.0773
   -8.9975    4.9119
   -1.0168    0.2243
    0.4756   -0.5310
   -5.2441    2.1357
   -5.8049    2.2185
   -0.4475   -0.8206
   -5.7688    2.7601
   -6.1985    2.3860
   -0.0276    1.6747
   -3.6357    2.0597
    1.1123    0.6462
   -5.2307    2.4086
   -3.5359    1.6526
   -1.3958    2.1305
   -0.6266    1.9954
   -0.8309    0.4703